diamond 17 早间站点信息34
34
45005 2218 11410   33.0 6 1 香港   
45011 2212 11332   59.0 6 1 澳门   
50953 4545 12646  143.0 6 1 哈尔滨  
51463 4347  8737  918.7 6 1 乌鲁木齐
52866 3643 10145 2295.2 6 1 西宁    
52889 3603 10353 1518.3 6 1 兰州    
53463 4049 11141 1065.0 6 1 呼和浩特
53614 3829 10613 1112.7 6 1 银川    
53698 3802 11425   81.2 6 1 石家庄  
53772 3747 11233  779.5 6 1 太原    
54161 4354 12513  238.5 6 1 长春    
54342 4144 12327   45.2 6 1 沈阳    
54511 3956 11617   54.7 6 1 北京    
54527 3905 11704    3.8 6 1 天津    
54823 3641 11659   57.8 6 1 济南    
55591 2940  9108 3650.1 6 1 拉萨    
56294 3040 10401  507.3 6 1 成都   
56778 2501 10241 1896.8 6 1 昆明    
57036 3418 10856  398.0 6 1 西安    
57083 3443 11339  111.3 6 1 郑州    
57494 3037 11408   27.0 6 1 武汉    
57516 2935 10628  260.4 6 1 重庆    
57679 2812 11305   45.7 6 1 长沙    
57816 2635 10643 1074.3 6 1 贵阳   
58238 3200 11848   12.5 6 1 南京    
58321 3152 11714   36.5 6 1 合肥    
58367 3110 12126    7.0 6 1 上海    
58457 3014 12010   43.2 6 1 杭州    
58606 2836 11555   45.7 6 1 南昌    
58847 2605 11917   85.4 6 1 福州    
58968 2502 12131    9.0 6 1 台北    
59287 2310 11320    4.2 6 1 广州    
59431 2249 10821   73.7 6 1 南宁    
59758 2002 11021   18.0 6 1 海口